010000000110100000000110000
100000001100010000001000000
000100111000000100110000000
001011110000000010000000000
000101100000000100000000000
000110100000000011010000010
001111010000000110100000000
001100101000001100010000100
011000010100011000001010001
110000001010110000000100001
100000000101100000000011000
000000000010100000000010000
100000000111010000000111000
010000001100101000011101001
000000011000010100111100100
001010110000001010111000000
000101100000000101110000010
000001000000000010100000110
001000100000001111010000110
001001010000011110101010111
010000001000011100010101101
100000000100111000001011101
100000001011100000010101000
000000000010110000001110001
000000010000001001111100011
000001000000000011110000100
000000001100010000011101100