010000000000110000000000010000
101000000001101000000000110000
010100000011000100000001000000
001010000111000010000001000000
000101001110000001000110000000
000010111100000000100000000000
000001011000000001010000000000
000001101000000000111010000010
000011110100000001100100000000
000111001010000011000010000100
001110000101000110000001010001
011100000010101100000000100001
110000000001011000000000011000
100000000000101000000000010000
010000000001110100000000111000
001000000011001010000011101001
000100000110000101000111100100
000010101100000010100111000000
000001011000000001011110000010
000000110000000000101100000000
000000010000000000110100000110
000010001000000011111010000110
000010010100000111100101010111
001100000010000111000010101101
010000000001001110000001011101
110000000010111000000010101000
000000000000101100000001110001
000000000100000010001111100011
000000010000000000101110000100
000000000011000100000011101100
